/usr/local/lib/python2.7/site-packages/scipy/stats/morestats.py:2384: UserWarning: Warning: sample size too small for normal approximation.
  warnings.warn("Warning: sample size too small for normal approximation.")
/usr/local/lib/python2.7/site-packages/scipy/stats/morestats.py:2408: RuntimeWarning: invalid value encountered in double_scalars
  z = (T - mn - correction) / se
======================================================================================
swarm
FAILURES: [0, 0, 0, 0, 0, 0, 0, 0, 0, 0, 0, 0, 0, 0, 0, 0, 0, 0, 0, 0, 0, 0, 0, 0, 0, 0, 0, 0, 0, 0, 0, 0, 0] 
MEAN: 0.0 SDEV: 0.0
BRANCHES: [1743, 1980, 1743, 1955, 1743, 1743, 1980, 1980, 1743, 1743, 1743, 1743, 1743, 1743, 1980, 1743, 1980, 1980, 1980, 1980, 1743, 1743, 1980, 1743, 1986, 1743, 1743, 1743, 1980, 1743, 2010, 1743, 1743] 
MEAN: 1836.6969697 SDEV: 116.418910483
STATEMENTS: [1573, 1739, 1573, 1723, 1573, 1573, 1739, 1739, 1573, 1573, 1573, 1573, 1573, 1573, 1739, 1573, 1739, 1739, 1739, 1739, 1573, 1573, 1739, 1573, 1743, 1573, 1573, 1573, 1739, 1573, 1759, 1573, 1573] 
MEAN: 1638.63636364 SDEV: 81.535944177
ACTIONS: [94504, 87679, 95568, 77436, 87924, 86975, 82804, 89691, 84486, 79646, 96077, 98057, 85900, 95157, 97708, 93066, 98291, 95372, 95041, 95466, 99211, 98527, 92232, 84761, 72550, 76304, 73018, 25805, 83707, 98547, 96032, 99850, 96470] 
MEAN: 88298.8484848 SDEV: 13560.5283197
======================================================================================
noswarm
FAILURES: [0, 0, 0, 0, 0, 0, 0, 0, 0, 0, 0, 0, 0, 0, 0, 0, 0, 0, 0, 0, 0, 0, 0, 0, 0, 0, 0, 0, 0, 0, 0, 0, 0] 
MEAN: 0.0 SDEV: 0.0
BRANCHES: [1737, 1737, 1737, 1743, 1737, 1730, 1737, 1737, 1737, 1730, 1730, 1737, 1737, 1737, 1637, 1737, 1637, 1737, 1737, 1737, 1737, 1737, 1743, 1743, 1737, 1637, 1737, 1737, 1737, 1637, 1730, 1737, 1737] 
MEAN: 1724.57575758 SDEV: 32.6645302051
STATEMENTS: [1569, 1569, 1569, 1573, 1569, 1564, 1569, 1569, 1569, 1564, 1564, 1569, 1569, 1569, 1498, 1569, 1498, 1569, 1569, 1569, 1569, 1569, 1573, 1573, 1569, 1498, 1569, 1569, 1569, 1498, 1564, 1569, 1569] 
MEAN: 1560.15151515 SDEV: 23.1779953275
ACTIONS: [61804, 59189, 66978, 64237, 65247, 61207, 64617, 63455, 62006, 54602, 65200, 70534, 61607, 63937, 71708, 71755, 70625, 71408, 71707, 70967, 71654, 70989, 66861, 63505, 62088, 48219, 43806, 47610, 48785, 71204, 72115, 71260, 70800] 
MEAN: 64293.5151515 SDEV: 7796.04599517


WILCOX STATISTICAL ANALYSIS WITH P-VALUE TARGET 0.05
======================================================================================
noswarm VS. swarm
BRANCHES WILCOX: 5.93695806841e-07
noswarm 1724.57575758 swarm 1836.6969697
STATEMENTS WILCOX: 5.93695806841e-07
noswarm 1560.15151515 swarm 1638.63636364
OPERATIONS WILCOX: 9.35144967723e-07
noswarm 64293.5151515 swarm 88298.8484848
